first line contains lambda_opt, rho_c, eta_c
1.4314437722169491e-08 6.999423912617684e-09 0.5080048658396158
254.15679619433064 8.950226990238084 0.024306077324321183
215.02624806108508 8.235364354227054 0.028559058326902625
181.92032653683046 7.589566968389613 0.03281165208951367
153.9114666497149 7.023652587548128 0.03703477743340793
130.21491340315083 6.524537811443565 0.04133809271135983
110.16673443298305 6.063600838893207 0.045976550932229764
93.20521788507936 5.609073392009554 0.05130383888015482
78.85513431724482 5.136633570267645 0.057666361912057346
66.71442167387652 4.635620571355702 0.06526294396801129
56.44292027166653 4.1106692674080225 0.07403557356417273
47.75284217207229 3.579105661077513 0.08365795627721691
40.40070791049304 3.0648655623878347 0.09363412807720797
34.18052466463575 2.5909082258407294 0.10345429371096357
28.918014727319534 2.173077222201886 0.1127296053640262
24.465732576500848 1.8177092673343322 0.12125182994676026
20.698933732106084 1.5230944681189735 0.12897443907565487
17.512079652895338 1.2828125485802742 0.13595339715505328
14.815880747213125 1.0886317286115381 0.1422943350129629
12.53479464840991 0.9320098686148094 0.14812922687075983
10.604909661368616 0.8046799360540788 0.15361487477122465
8.972154078332343 0.6990783960456799 0.15893296008265725
7.590781192467682 0.6088269113819178 0.16427883379881203
6.422087562124314 0.5291058673253461 0.16983586702925052
5.433328613992638 0.4568117705116923 0.1757356517410294
4.596801202421804 0.3904816208835444 0.18201237971626724
3.8890674199547277 0.3299546376019836 0.18857587601015435
3.290297911727152 0.275800551541973 0.19522989759859483
2.7837162946488805 0.22869416884120566 0.20173428860846968
2.3551291150490465 0.18896883023173958 0.20787680934596603
1.9925281750923978 0.156450926548995 0.21351976580469773
1.685754085908942 0.13050258902032663 0.21861394192503406
1.426211620835381 0.11014700213758681 0.2231936560270739
1.2066288935073997 0.09421632297555116 0.22736581270010298
1.0208536134308666 0.08151889714479242 0.23129474443658166
0.8636807105004619 0.07100729632775327 0.23517823804909072
0.7307064988325076 0.06189818604005014 0.23921171888769854
0.6182052938598955 0.05370759121211986 0.2435455113352028
0.5230250257347205 0.046205822552975624 0.2482501526761678
0.4424989243246453 0.039328604957981295 0.2533057923785275
0.3743708013845232 0.03308973495949454 0.2586170686798436
0.3167318364517981 0.027524487285296696 0.2640388584066626
0.2679670953266705 0.022664222356109192 0.26940049009229405
0.22671028268653629 0.018525226641850474 0.2745297806453437
0.19180546108898933 0.015099397731113486 0.2792810440949058
0.16227466380264285 0.01234693002594002 0.2835613106372203
0.13729049403887086 0.010195493830778384 0.28734446478921327
0.11615294286704453 0.008547004289537006 0.2906703056313992
0.09826977629532807 0.007290027780193254 0.29363367046209315
0.08313994200033083 0.006314914907584708 0.2963694918037389
0.0703395307937319 0.005527637403652064 0.2990356717114167
0.059509899492865545 0.004858197239253702 0.3017926310201404
0.050347622420684995 0.004261977607977019 0.3047795127030489
0.0425959899952404 0.0037154778518989594 0.3080919359324983
0.03603781621531304 0.003209412653300594 0.3117691938302829
0.03048935352162954 0.002742155805455126 0.3157938193844832
0.025795144539637823 0.002315306233341365 0.32009843514487457
0.02182366645946662 0.0019313603521081443 0.3245750761618591
0.01846364601687692 0.001592462904507964 0.32908882604258316
0.015620941827978562 0.0012995718410521587 0.33349750208485174
0.013215906726658776 0.001052070942011658 0.33767196592721105
0.011181156202432815 0.0008478784857090786 0.3415103168532894
0.009459680414588452 0.0006837424674698682 0.34494582823859443
0.008003246884850596 0.0005554042691411611 0.34795211186466024
0.006771049115051672 0.00045765074665895915 0.3505458674646101
0.005728563266644485 0.0003845140377204574 0.3527847423347497
0.004846580868391486 0.0003298004973901068 0.3547594550371925
0.004100390450539144 0.0002878309346348434 0.35658231831377124
0.0034690851764230804 0.00025404833588945757 0.3583750679158582
0.002934977072658039 0.0002252469956423958 0.3602572658100069
0.00248310144575643 0.00019945532259726777 0.36233467018479376
0.0021007975998714266 0.00017564546761438796 0.36468757300264126
0.0017773541081730162 0.00015340831076541162 0.36736192680027835
0.0015037086990354685 0.00013267160214526188 0.37036642044639934
0.0012721943484178399 0.0001135051030952307 0.3736745839007564
0.0010763244644288092 9.601577795745477e-05 0.3772286228570127
0.0009106111453558143 8.0297520827056e-05 0.38094495893741964
0.0007704114190940366 6.640186778463884e-05 0.3847236557477829
0.0006517971558964048 5.4323999654660145e-05 0.38846017821884854
0.0005514450096472236 4.4007070305851805e-05 0.39205523658092656
0.00046654330402318926 3.5355741460237734e-05 0.39542186754804026
0.00039471325466907303 2.824665512193848e-05 0.39849189912592653
0.00033394232018322704 2.253411415866179e-05 0.40122176771830576
0.0002825278145342573 1.8054937105311003e-05 0.4035954433443046
0.00023902920103599648 1.4632799754156407e-05 0.40562392654746854
0.0002022277312486663 1.2080840567476624e-05 0.40734292432277164
0.00017109229796498414 1.0206110898361922e-05 0.40880974586022006
0.00014475054554681394 8.82166173481468e-06 0.41009893482670506
0.0001224644281789263 7.764746445393291e-06 0.4112960630096739
0.00010360953122861305 6.911084343821711e-06 0.4124902977591159
8.765757633497213e-05 6.177571635483533e-06 0.4137672513619748
7.416162005372992e-05 5.5153032618778914e-06 0.4152030364756795
6.274353135177342e-05 4.899417483124027e-06 0.4168590363109059
5.308339709459971e-05 4.32013035502481e-06 0.41877696131250625
4.491055868858601e-05 3.775963757068126e-06 0.42097556169069883
3.799602874184023e-05 3.2690009739217603e-06 0.4234504926687562
3.214607527288819e-05 2.802091827039087e-06 0.42617627418664195
2.7196793708924463e-05 2.3776156191320045e-06 0.42910853531389415
2.300951459133871e-05 1.9969866084600374e-06 0.43218726593337126
1.946691832115847e-05 1.660390522280763e-06 0.43534233769031816
1.6469748086963318e-05 1.3667798834091217e-06 0.43849971028845375
1.3934028877760747e-05 1.1141438329281188e-06 0.44158623028395233
1.1788714662852442e-05 8.998170071199606e-07 0.44453373102386723
9.9736978171446e-06 7.206775977366993e-07 0.447283627492389
8.438125019784445e-06 5.733098132305914e-07 0.4497908692179101
7.138972440804996e-06 4.541896819968187e-07 0.4520259059447021
6.039840295217048e-06 3.5982384080540743e-07 0.45397535441263565
5.109932990246154e-06 2.867814562230733e-07 0.4556423878701471
4.323196291379367e-06 2.3165577842975994e-07 0.4570464609387725
3.657587332255013e-06 1.9103353172060956e-07 0.45822166629412314
3.094457015460649e-06 1.615442762098822e-07 0.4592140068832766
2.6180275002838937e-06 1.4003240577269832e-07 0.460078350872468
2.2149501376164433e-06 1.2380563980122297e-07 0.4608753217566338
1.8739314661878473e-06 1.1082463449606144e-07 0.4616678059861112
1.5854167912546627e-06 9.973164279580485e-08 0.4625169452298465
1.3413224802215188e-06 8.973437004010624e-08 0.4634782427387779
1.134809474626419e-06 8.04321157742427e-08 0.4645986234246513
9.600916727267634e-07 7.166052923415982e-08 0.4659143606506029
8.122738139305054e-07 6.338414732185045e-08 0.4674491783662738
6.872143229024564e-07 5.562879736406621e-08 0.4692128395546992
5.814092704983918e-07 4.8438930810313254e-08 0.4712012391997764
4.91894200332977e-07 4.185409901189454e-08 0.47339764315350313
4.161610703486164e-07 3.590079652643802e-08 0.475773790069604
3.520879822459156e-07 3.059140918297758e-08 0.4782911201232642
2.978797299280166e-07 2.5924269346993596e-08 0.4809032184216157
2.5201750123925863e-07 2.1885137915705304e-08 0.48355885241071206
2.1321632373652202e-07 1.8450523554860487e-08 0.4862044711812134
1.8038906220468284e-07 1.559007089990163e-08 0.4887869035919725
1.5261595919501867e-07 1.326644991992475e-08 0.4912571302961086
1.2911886517036818e-07 1.1434240497680811e-08 0.49357387212227777
1.0923943623471244e-07 1.0039229242730076e-08 0.4957054619525354
9.242068858901649e-08 9.018553489635916e-09 0.49763031813284775
7.819139290425731e-08 8.302913629244796e-09 0.4993369080219768
6.615287137164363e-08 7.821888834801533e-09 0.5008232816140405
5.596782750847957e-08 7.510778767888174e-09 0.5020962682901212
4.735089575207196e-08 7.315849075931324e-09 0.5031709109463619
4.006064605927199e-08 7.196302797406174e-09 0.5040702527167418
3.3892819495733394e-08 7.12344313352407e-09 0.5048248416830728
2.8674605288960264e-08 7.078356229726586e-09 0.5054715255824096
2.4259798999052735e-08 7.049247300309489e-09 0.5060520322379853
2.0524706148301452e-08 7.029086925490374e-09 0.5066124378154091
1.7364676537121035e-08 7.013831069567153e-09 0.5072042589011666
1.4691172144444829e-08 7.001229901277612e-09 0.507886507387696
1.2429286460725237e-08 6.990108759767988e-09 0.5087262119715732
1.0515645749967192e-08 6.979958442208289e-09 0.509793787309165
8.896633438147575e-09 6.970685427985102e-09 0.5111507202329639
7.526887878760322e-09 6.962419002692425e-09 0.5128319449289704
6.36803140573423e-09 6.9553337489093224e-09 0.5148333244595558
5.387595064202863e-09 6.949505110119248e-09 0.5171194677685893
4.558108892127292e-09 6.9448399768234e-09 0.5196609612550558
3.856332264192523e-09 6.9410963081143804e-09 0.5224956940674431
3.2626027336770633e-09 6.937959392822298e-09 0.5257989460476262
2.7602851280829434e-09 6.935125684424807e-09 0.5299460655879468
2.3353054632332773e-09 6.932363711928104e-09 0.5355493506592818
1.975756616996603e-09 6.929545740136025e-09 0.543438765652479
1.671564714365559e-09 6.926652916355974e-09 0.5545496280159337
1.414206876634146e-09 6.9237546088731565e-09 0.5697171459144701
1.196472426542216e-09 6.9209639131021675e-09 0.5894742617269894
1.0122608588093848e-09 6.918382376273079e-09 0.614033579459092
8.564109155768825e-10 6.916058231714903e-09 0.6435706106104087
7.24555977776224e-10 6.913977995302471e-09 0.6786937204905101
6.130017207658196e-10 6.912090333770636e-09 0.7207760949294574
5.186226063790908e-10 6.910341575964301e-09 0.7718563135263605
4.387743112880978e-10 6.908699479377494e-09 0.8341340742859309
3.712196380919396e-10 6.907154158157508e-09 0.9095274378738345
3.1406583329949997e-10 6.905701304333569e-09 0.9999411568119769
2.6571155597560246e-10 6.904323044701592e-09 1.1084935666407731
2.2480201121287691e-10 6.9029805281812356e-09 1.2411535454519769
1.901909913545297e-10 6.901621681483167e-09 1.407705512761335
1.6090876143525703e-10 6.900196735827951e-09 1.6212227768189285
1.361348890514199e-10 6.898670948514855e-09 1.896301585927692
1.1517525740510526e-10 6.897028288068928e-09 2.2474326247841687
9.744261747127707e-11 6.895266622517912e-09 2.6888741974345667
8.244013439671943e-11 6.893389296329977e-09 3.2361835399570493
6.974746713215615e-11 6.891397611962655e-09 3.9086637512372255
5.900899127530759e-11 6.889285361871849e-09 4.732327950314384
4.9923835151340846e-11 6.887034411416806e-09 5.743702595021971
4.223744996063338e-11 6.884610896925361e-09 6.994816973666239
3.5734477805419444e-11 6.8819628263755726e-09 8.55910502500445
3.0232717770986996e-11 6.8790211979443255e-09 10.536604000122155
2.5578021002493405e-11 6.875709034919251e-09 13.054153316923951
2.163997174715911e-11 6.871963158851318e-09 16.254114222304754
1.830823335285379e-11 6.867767724502683e-09 20.26793905801363
1.5489456844903312e-11 6.863187849262758e-09 25.179504709099362
1.310466546531777e-11 6.858383677611709e-09 30.99181804467883
1.1087041894202985e-11 6.853588641949672e-09 37.61331040170462
9.38005615550686e-12 6.849053993857734e-09 44.873508854333224
7.935881754579331e-12 6.844984861095198e-09 52.56321092212113
6.7140556707319675e-12 6.8414997342327624e-09 60.48035922433485
5.680344660336692e-12 6.838626543357083e-09 68.46354109736455
4.805786106432134e-12 6.836323764618466e-09 76.41149554574162
4.065876541267336e-12 6.834507546559081e-09 84.30192409556294
3.4398851057274965e-12 6.833073906473089e-09 92.22467780264478
2.9102727100802663e-12 6.831913172775137e-09 100.4433890775964
2.4622006220311524e-12 6.830916794927747e-09 109.50641825786617
2.0831147136597346e-12 6.829977902029839e-09 120.43150567875779
1.7623937186263838e-12 6.828987688561702e-09 134.96766294518017
1.4910516444852332e-12 6.827829078741531e-09 155.88249272655798
1.2614860022622619e-12 6.826368107271736e-09 187.1656024286361
1.0672647991699951e-12 6.824443114977545e-09 234.0891124691317
9.029463263997134e-13 6.821851922475751e-09 303.26849583170906
