0.1	1.02007
0.1	1.01832
0.1	1.01655
0.1	1.01479
0.11	1.01308
0.11	1.01138
0.11	1.00966
0.11	1.00789
0.11	1.00622
0.12	1.00453
0.12	1.00288
0.12	1.00115
0.12	0.999475
0.12	0.997823
0.13	0.996174
0.13	0.99448
0.13	0.992868
0.13	0.991264
0.14	0.98963
0.14	0.987992
0.14	0.986437
0.14	0.98479
0.14	0.98312
0.15	0.981528
0.15	0.979939
0.15	0.978352
0.15	0.976777
0.16	0.975187
0.16	0.973631
0.16	0.972074
0.16	0.970564
0.16	0.968992
0.17	0.967476
0.17	0.965955
0.17	0.964421
0.17	0.962873
0.18	0.960596
0.18	0.957525
0.19	0.954514
0.19	0.95156
0.19	0.948628
0.2	0.94569
0.2	0.942798
0.21	0.939914
0.21	0.937037
0.22	0.934179
0.22	0.931333
0.22	0.928548
0.23	0.925809
0.23	0.923064
0.24	0.920339
0.24	0.917666
0.25	0.914938
0.25	0.912256
0.25	0.909607
0.26	0.906927
0.26	0.904223
0.27	0.901606
0.27	0.899032
0.28	0.896465
0.28	0.893963
0.29	0.89144
0.29	0.888887
0.29	0.886338
0.3	0.883812
0.3	0.881366
0.31	0.878879
0.31	0.876419
0.32	0.874026
0.32	0.871608
0.32	0.869266
0.33	0.866874
0.33	0.864398
0.34	0.86205
0.34	0.8597
0.35	0.857366
0.35	0.853926
0.36	0.849338
0.37	0.844797
0.38	0.840345
0.39	0.83592
0.4	0.831572
0.41	0.827208
0.41	0.822933
0.42	0.818707
0.43	0.814508
0.44	0.81038
0.45	0.806256
0.46	0.802228
0.47	0.798179
0.48	0.79425
0.48	0.790245
0.49	0.786366
0.5	0.782533
0.51	0.778779
0.52	0.775009
0.53	0.771292
0.54	0.767577
0.55	0.763917
0.55	0.760292
0.56	0.75661
0.57	0.753074
0.58	0.74954
0.59	0.746086
0.6	0.742661
0.61	0.7393
0.62	0.735901
0.62	0.732524
0.63	0.729187
0.64	0.725899
0.65	0.722649
0.66	0.719442
0.67	0.716244
0.68	0.713058
0.69	0.70997
0.69	0.706801
0.71	0.702109
0.72	0.696004
0.74	0.690076
0.76	0.684173
0.78	0.678377
0.79	0.672694
0.81	0.667191
0.83	0.661687
0.85	0.656277
0.86	0.650919
0.88	0.645699
0.9	0.640556
0.92	0.635467
0.93	0.630477
0.95	0.625551
0.97	0.62069
0.99	0.615902
1.0	0.61122
1.02	0.606546
1.04	0.601986
1.06	0.597491
1.07	0.593015
1.09	0.588618
1.11	0.584308
1.13	0.58012
1.14	0.575849
1.16	0.571667
1.18	0.56755
1.2	0.563541
1.21	0.559554
1.23	0.555611
1.25	0.551731
1.27	0.54791
1.28	0.544137
1.3	0.540395
1.32	0.536746
1.34	0.533094
1.35	0.529512
1.37	0.525915
1.39	0.522416
1.41	0.517274
1.45	0.510505
1.48	0.503892
1.52	0.49748
1.55	0.491208
1.59	0.485044
1.62	0.479047
1.66	0.47319
1.69	0.467403
1.73	0.461802
1.76	0.456328
1.8	0.45091
1.83	0.445691
1.87	0.44053
1.9	0.435473
1.94	0.43051
1.97	0.425685
2.01	0.420901
2.04	0.416232
2.08	0.411697
2.11	0.407231
2.15	0.402834
2.18	0.398548
2.22	0.394308
2.25	0.390161
2.29	0.386102
2.32	0.382113
2.36	0.378213
2.39	0.374345
2.43	0.370582
2.46	0.366871
2.5	0.363228
2.53	0.359645
2.57	0.356125
2.6	0.352622
2.64	0.349217
2.67	0.345857
2.71	0.342545
2.74	0.339315
2.78	0.33611
2.83	0.331428
2.9	0.325382
2.97	0.319526
3.04	0.313833
3.11	0.308281
3.18	0.302932
3.25	0.297725
3.32	0.292651
3.39	0.287781
3.46	0.28304
3.53	0.278441
3.6	0.273943
3.67	0.269562
3.74	0.265258
3.81	0.261125
3.88	0.257086
3.95	0.253164
4.02	0.249328
4.09	0.245613
4.16	0.241979
4.23	0.238413
4.3	0.23494
4.37	0.231569
4.44	0.22828
4.51	0.225058
4.58	0.221917
4.65	0.218849
4.72	0.215831
4.79	0.212916
4.86	0.210071
4.93	0.207261
5.0	0.204547
5.07	0.201884
5.14	0.199272
5.21	0.196735
5.28	0.194252
5.35	0.191845
5.42	0.189444
5.49	0.187082
5.56	0.184782
5.66	0.181417
5.8	0.177089
5.94	0.172928
6.08	0.168842
6.22	0.164947
6.36	0.161241
6.5	0.157633
6.64	0.154213
6.78	0.150905
6.92	0.147707
7.06	0.144624
7.2	0.141644
7.34	0.138732
7.48	0.135946
7.62	0.133328
7.76	0.13074
7.9	0.128222
8.04	0.125733
8.18	0.123363
8.32	0.121075
8.46	0.118805
8.6	0.116614
8.74	0.114528
8.88	0.112445
9.02	0.110446
9.16	0.108527
9.3	0.106641
9.44	0.104808
9.58	0.103026
9.72	0.101305
9.86	0.0996026
10.0	0.0979427
10.14	0.0963578
10.28	0.094809
10.42	0.0932986
10.55	0.0918373
10.69	0.0903994
10.83	0.0889672
10.97	0.0875887
11.11	0.0862529
11.32	0.0843279
11.6	0.0818554
11.88	0.0794948
12.16	0.0772498
12.44	0.0751119
12.72	0.0730223
13.0	0.0710295
13.28	0.0691545
13.56	0.0673616
13.84	0.0656057
14.12	0.0639503
14.4	0.06236
14.68	0.0608166
14.96	0.0593468
15.24	0.0579469
15.52	0.0565778
15.8	0.0552519
16.08	0.053966
16.36	0.0527373
16.64	0.0515464
16.92	0.0504189
17.2	0.0493264
17.48	0.0482687
17.76	0.0472028
18.03	0.0462179
18.31	0.0452612
18.59	0.0443317
18.87	0.0434286
19.15	0.0425026
19.43	0.0417066
19.71	0.0408852
19.99	0.0401274
20.27	0.0393597
20.55	0.0386999
20.83	0.0380058
21.11	0.03727
21.39	0.0365809
21.67	0.0359287
21.95	0.0352925
22.23	0.0346507
22.65	0.0338105
23.21	0.0326558
23.77	0.0315713
24.33	0.0305153
24.89	0.0295153
25.44	0.028573
26.0	0.0276787
26.56	0.0268069
27.12	0.0260612
27.68	0.0253117
28.24	0.0246484
28.8	0.0239654
29.36	0.0233293
29.92	0.0226392
30.48	0.0220133
31.04	0.0214369
31.6	0.020923
32.16	0.0203959
32.71	0.0198661
33.27	0.0193239
33.83	0.0188241
34.39	0.0183726
34.95	0.017993
35.51	0.0175665
36.07	0.0171374
36.63	0.0167153
37.19	0.0163205
37.75	0.0159075
38.31	0.0155437
38.87	0.0151973
39.43	0.0149085
39.99	0.0145878
40.54	0.0142819
41.1	0.0139455
41.66	0.013635
42.22	0.0133699
42.78	0.0131064
43.34	0.0128762
43.9	0.0125966
44.46	0.0123358
45.3	0.0120268
46.42	0.0115538
47.53	0.0111488
48.65	0.0107577
49.77	0.0103234
50.89	0.00993996
52.01	0.00961093
53.13	0.00925658
54.25	0.00900056
55.36	0.00865402
56.48	0.00837675
57.6	0.00811675
58.72	0.00783844
