1.00000000e+00	1.00000000e+00
1.01792844e+00	9.99820732e-01
1.03617830e+00	9.99638282e-01
1.05475535e+00	9.99452596e-01
1.07366547e+00	9.99263617e-01
1.09291461e+00	9.99071285e-01
1.11250886e+00	9.98875544e-01
1.13245440e+00	9.98676333e-01
1.15275754e+00	9.98473591e-01
1.17342467e+00	9.98267256e-01
1.19446234e+00	9.98057266e-01
1.21587718e+00	9.97843557e-01
1.23767596e+00	9.97626063e-01
1.25986555e+00	9.97404718e-01
1.28245297e+00	9.97179456e-01
1.30544534e+00	9.96950207e-01
1.32884994e+00	9.96716902e-01
1.35267414e+00	9.96479470e-01
1.37692547e+00	9.96237840e-01
1.40161158e+00	9.95991938e-01
1.42674029e+00	9.95741690e-01
1.45231951e+00	9.95487019e-01
1.47835732e+00	9.95227850e-01
1.50486196e+00	9.94964103e-01
1.53184178e+00	9.94695700e-01
1.55930530e+00	9.94422559e-01
1.58726121e+00	9.94144598e-01
1.61571832e+00	9.93861733e-01
1.64468562e+00	9.93573880e-01
1.67417226e+00	9.93280952e-01
1.70418754e+00	9.92982860e-01
1.73474096e+00	9.92679517e-01
1.76584215e+00	9.92370829e-01
1.79750094e+00	9.92056707e-01
1.82972732e+00	9.91737054e-01
1.86253146e+00	9.91411777e-01
1.89592374e+00	9.91080777e-01
1.92991468e+00	9.90743957e-01
1.96451503e+00	9.90401215e-01
1.99973571e+00	9.90052450e-01
2.03558785e+00	9.89697559e-01
2.07208275e+00	9.89336436e-01
2.10923195e+00	9.88968973e-01
2.14704718e+00	9.88595063e-01
2.18554038e+00	9.88214595e-01
2.22472369e+00	9.87827455e-01
2.26460951e+00	9.87433531e-01
2.30521041e+00	9.87032705e-01
2.34653923e+00	9.86624861e-01
2.38860901e+00	9.86209877e-01
2.43143303e+00	9.85787633e-01
2.47502482e+00	9.85358004e-01
2.51939814e+00	9.84920865e-01
2.56456700e+00	9.84476088e-01
2.61054568e+00	9.84023543e-01
2.65734868e+00	9.83563098e-01
2.70499078e+00	9.83094619e-01
2.75348703e+00	9.82617971e-01
2.80285274e+00	9.82133014e-01
2.85310351e+00	9.81639609e-01
2.90425519e+00	9.81137612e-01
2.95632394e+00	9.80626879e-01
3.00932620e+00	9.80107262e-01
3.06327871e+00	9.79578612e-01
3.11819850e+00	9.79040778e-01
3.17410292e+00	9.78493603e-01
3.23100962e+00	9.77936933e-01
3.28893657e+00	9.77370609e-01
3.34790205e+00	9.76794467e-01
3.40792470e+00	9.76208345e-01
3.46902345e+00	9.75612076e-01
3.53121762e+00	9.75005491e-01
3.59452682e+00	9.74388418e-01
3.65897106e+00	9.73760683e-01
3.72457069e+00	9.73122109e-01
3.79134641e+00	9.72472517e-01
3.85931932e+00	9.71811724e-01
3.92851088e+00	9.71139545e-01
3.99894293e+00	9.70455792e-01
4.07063772e+00	9.69760275e-01
4.14361788e+00	9.69052801e-01
4.21790646e+00	9.68333172e-01
4.29352693e+00	9.67601191e-01
4.37050315e+00	9.66856655e-01
4.44885943e+00	9.66099359e-01
4.52862051e+00	9.65329095e-01
4.60981159e+00	9.64545652e-01
4.69245830e+00	9.63748816e-01
4.77658674e+00	9.62938370e-01
4.86222346e+00	9.62114094e-01
4.94939552e+00	9.61275765e-01
5.03813043e+00	9.60423156e-01
5.12845623e+00	9.59556038e-01
5.22040142e+00	9.58674177e-01
5.31399505e+00	9.57777339e-01
5.40926667e+00	9.56865284e-01
5.50624635e+00	9.55937769e-01
5.60496473e+00	9.54994548e-01
5.70545298e+00	9.54035373e-01
5.80774282e+00	9.53059990e-01
5.91186656e+00	9.52068145e-01
6.01785708e+00	9.51059578e-01
6.12574784e+00	9.50034026e-01
6.23557291e+00	9.48991223e-01
6.34736698e+00	9.47930900e-01
6.46116533e+00	9.46852784e-01
6.57700392e+00	9.45756598e-01
6.69491930e+00	9.44642063e-01
6.81494873e+00	9.43508894e-01
6.93713010e+00	9.42356806e-01
7.06150198e+00	9.41185508e-01
7.18810366e+00	9.39994705e-01
7.31697511e+00	9.38784101e-01
7.44815703e+00	9.37553393e-01
7.58169083e+00	9.36302278e-01
7.71761868e+00	9.35030447e-01
7.85598350e+00	9.33737588e-01
7.99682899e+00	9.32423387e-01
8.14019962e+00	9.31087523e-01
8.28614066e+00	9.29729675e-01
8.43469820e+00	9.28349517e-01
8.58591914e+00	9.26946719e-01
8.73985123e+00	9.25520949e-01
8.89654309e+00	9.24071868e-01
9.05604418e+00	9.22599138e-01
9.21840488e+00	9.21102415e-01
9.38367645e+00	9.19581352e-01
9.55191109e+00	9.18035598e-01
9.72316191e+00	9.16464800e-01
9.89748298e+00	9.14868601e-01
1.00749294e+01	9.13246639e-01
1.02555571e+01	9.11598551e-01
1.04394232e+01	9.09923971e-01
1.06265857e+01	9.08222527e-01
1.08171037e+01	9.06493846e-01
1.10110375e+01	9.04737552e-01
1.12084482e+01	9.02953266e-01
1.14093981e+01	9.01140603e-01
1.16139507e+01	8.99299180e-01
1.18221707e+01	8.97428608e-01
1.20341237e+01	8.95528495e-01
1.22498767e+01	8.93598449e-01
1.24694979e+01	8.91638071e-01
1.26930564e+01	8.89646964e-01
1.29206231e+01	8.87624726e-01
1.31522696e+01	8.85570954e-01
1.33880692e+01	8.83485241e-01
1.36280964e+01	8.81367180e-01
1.38724268e+01	8.79216360e-01
1.41211377e+01	8.77032370e-01
1.43743076e+01	8.74814797e-01
1.46320165e+01	8.72563224e-01
1.48943456e+01	8.70277236e-01
1.51613779e+01	8.67956415e-01
1.54331977e+01	8.65600341e-01
1.57098908e+01	8.63208595e-01
1.59915445e+01	8.60780756e-01
1.62782479e+01	8.58316403e-01
1.65700914e+01	8.55815114e-01
1.68671672e+01	8.53276467e-01
1.71695691e+01	8.50700041e-01
1.74773926e+01	8.48085412e-01
1.77907349e+01	8.45432161e-01
1.81096950e+01	8.42739866e-01
1.84343735e+01	8.40008108e-01
1.87648729e+01	8.37236468e-01
1.91012977e+01	8.34424530e-01
1.94437541e+01	8.31571877e-01
1.97923502e+01	8.28678097e-01
2.01471961e+01	8.25742778e-01
2.05084038e+01	8.22765512e-01
2.08760874e+01	8.19745893e-01
2.12503629e+01	8.16683519e-01
2.16313487e+01	8.13577990e-01
2.20191649e+01	8.10428913e-01
2.24139341e+01	8.07235896e-01
2.28157808e+01	8.03998554e-01
2.32248321e+01	8.00716505e-01
2.36412170e+01	7.97389374e-01
2.40650670e+01	7.94016791e-01
2.44965160e+01	7.90598394e-01
2.49357002e+01	7.87133824e-01
2.53827583e+01	7.83622733e-01
2.58378314e+01	7.80064778e-01
2.63010633e+01	7.76459626e-01
2.67726002e+01	7.72806951e-01
2.72525910e+01	7.69106436e-01
2.77411873e+01	7.65357776e-01
2.82385434e+01	7.61560673e-01
2.87448163e+01	7.57714841e-01
2.92601659e+01	7.53820006e-01
2.97847549e+01	7.49875903e-01
3.03187489e+01	7.45882283e-01
3.08623166e+01	7.41838907e-01
3.14156297e+01	7.37745550e-01
3.19788627e+01	7.33602003e-01
3.25521937e+01	7.29408070e-01
3.31358036e+01	7.25163570e-01
3.37298767e+01	7.20868339e-01
3.43346006e+01	7.16522230e-01
3.49501663e+01	7.12125113e-01
3.55767681e+01	7.07676875e-01
3.62146038e+01	7.03177424e-01
3.68638750e+01	6.98626685e-01
3.75247866e+01	6.94024604e-01
3.81975473e+01	6.89371151e-01
3.88823695e+01	6.84666312e-01
3.95794696e+01	6.79910100e-01
4.02890675e+01	6.75102549e-01
4.10113875e+01	6.70243718e-01
4.17466575e+01	6.65333690e-01
4.24951097e+01	6.60372574e-01
4.32569805e+01	6.55360505e-01
4.40325105e+01	6.50297645e-01
4.48219445e+01	6.45184185e-01
4.56255318e+01	6.40020342e-01
4.64435262e+01	6.34806366e-01
4.72761859e+01	6.29542534e-01
4.81237740e+01	6.24229157e-01
4.89865579e+01	6.18866575e-01
4.98648102e+01	6.13455162e-01
5.07588083e+01	6.07995327e-01
5.16688343e+01	6.02487511e-01
5.25951756e+01	5.96932190e-01
5.35381248e+01	5.91329878e-01
5.44979796e+01	5.85681123e-01
5.54750431e+01	5.79986512e-01
5.64696238e+01	5.74246669e-01
5.74820358e+01	5.68462257e-01
5.85125987e+01	5.62633980e-01
5.95616380e+01	5.56762578e-01
6.06294850e+01	5.50848837e-01
6.17164768e+01	5.44893581e-01
6.28229566e+01	5.38897676e-01
6.39492739e+01	5.32862032e-01
6.50957843e+01	5.26787602e-01
6.62628499e+01	5.20675382e-01
6.74508391e+01	5.14526411e-01
6.86601271e+01	5.08341776e-01
6.98910957e+01	5.02122604e-01
7.11441337e+01	4.95870073e-01
7.24196367e+01	4.89585401e-01
7.37180074e+01	4.83269856e-01
7.50396559e+01	4.76924749e-01
7.63849995e+01	4.70551440e-01
7.77544630e+01	4.64151333e-01
7.91484789e+01	4.57725880e-01
8.05674872e+01	4.51276578e-01
8.20119362e+01	4.44804970e-01
8.34822819e+01	4.38312646e-01
8.49789886e+01	4.31801242e-01
8.65025288e+01	4.25272437e-01
8.80533838e+01	4.18727957e-01
8.96320432e+01	4.12169572e-01
9.12390054e+01	4.05599096e-01
9.28747780e+01	3.99018387e-01
9.45398775e+01	3.92429343e-01
9.62348295e+01	3.85833907e-01
9.79601694e+01	3.79234059e-01
9.97164419e+01	3.72631822e-01
1.01504202e+02	3.66029255e-01
1.03324013e+02	3.59428456e-01
1.05176451e+02	3.52831557e-01
1.07062100e+02	3.46240727e-01
1.08981556e+02	3.39658166e-01
1.10935425e+02	3.33086105e-01
1.12924323e+02	3.26526805e-01
1.14948880e+02	3.19982556e-01
1.17009733e+02	3.13455670e-01
1.19107535e+02	3.06948485e-01
1.21242947e+02	3.00463359e-01
1.23416643e+02	2.94002671e-01
1.25629310e+02	2.87568812e-01
1.27881647e+02	2.81164191e-01
1.30174365e+02	2.74791226e-01
1.32508187e+02	2.68452343e-01
1.34883852e+02	2.62149974e-01
1.37302108e+02	2.55886554e-01
1.39763720e+02	2.49664515e-01
1.42269465e+02	2.43486288e-01
1.44820134e+02	2.37354295e-01
1.47416532e+02	2.31270948e-01
1.50059480e+02	2.25238644e-01
1.52749812e+02	2.19259764e-01
1.55488377e+02	2.13336667e-01
1.58276040e+02	2.07471686e-01
1.61113682e+02	2.01667129e-01
1.64002198e+02	1.95925268e-01
1.66942501e+02	1.90248340e-01
1.69935518e+02	1.84638544e-01
1.72982196e+02	1.79098031e-01
1.76083496e+02	1.73628909e-01
1.79240398e+02	1.68233232e-01
1.82453898e+02	1.62912998e-01
1.85725011e+02	1.57670147e-01
1.89054769e+02	1.52506556e-01
1.92444226e+02	1.47424035e-01
1.95894449e+02	1.42424322e-01
1.99406530e+02	1.37509083e-01
2.02981577e+02	1.32679906e-01
2.06620719e+02	1.27938296e-01
2.10325106e+02	1.23285675e-01
2.14095906e+02	1.18723377e-01
2.17934310e+02	1.14252645e-01
2.21841531e+02	1.09874628e-01
2.25818803e+02	1.05590378e-01
2.29867380e+02	1.01400850e-01
2.33988543e+02	9.73068951e-02
2.38183591e+02	9.33092613e-02
2.42453850e+02	8.94085912e-02
2.46800668e+02	8.56054197e-02
2.51225418e+02	8.19001725e-02
2.55729497e+02	7.82931654e-02
2.60314326e+02	7.47846025e-02
2.64981355e+02	7.13745762e-02
2.69732056e+02	6.80630662e-02
2.74567930e+02	6.48499398e-02
2.79490503e+02	6.17349518e-02
2.84501330e+02	5.87177447e-02
2.89601994e+02	5.57978501e-02
2.94794104e+02	5.29746891e-02
3.00079301e+02	5.02475739e-02
3.05459254e+02	4.76157097e-02
3.10935660e+02	4.50781964e-02
3.16510250e+02	4.26340308e-02
3.22184783e+02	4.02821098e-02
3.27961052e+02	3.80212326e-02
3.33840881e+02	3.58501041e-02
3.39826125e+02	3.37673388e-02
3.45918676e+02	3.17714637e-02
3.52120456e+02	2.98609234e-02
3.58433425e+02	2.80340832e-02
3.64859576e+02	2.62892346e-02
3.71400937e+02	2.46245992e-02
3.78059574e+02	2.30383343e-02
3.84837591e+02	2.15285373e-02
3.91737127e+02	2.00932515e-02
3.98760360e+02	1.87304712e-02
4.05909510e+02	1.74381474e-02
4.13186832e+02	1.62141929e-02
4.20594625e+02	1.50564885e-02
4.28135229e+02	1.39628886e-02
4.35811023e+02	1.29312265e-02
4.43624433e+02	1.19593207e-02
4.51577925e+02	1.10449801e-02
4.59674010e+02	1.01860097e-02
4.67915246e+02	9.38021628e-03
4.76304234e+02	8.62541381e-03
4.84843623e+02	7.91942850e-03
4.93536111e+02	7.26010412e-03
5.02384441e+02	6.64530685e-03
5.11391408e+02	6.07293006e-03
5.20559856e+02	5.54089879e-03
5.29892679e+02	5.04717403e-03
5.39392826e+02	4.58975673e-03
5.49063295e+02	4.16669156e-03
5.58907141e+02	3.77607033e-03
5.68927471e+02	3.41603516e-03
5.79127450e+02	3.08478134e-03
5.89510299e+02	2.78055984e-03
6.00079296e+02	2.50167953e-03
6.10837779e+02	2.24650908e-03
6.21789144e+02	2.01347853e-03
6.32936851e+02	1.80108052e-03
6.44284418e+02	1.60787125e-03
6.55835429e+02	1.43247109e-03
6.67593532e+02	1.27356488e-03
6.79562439e+02	1.12990198e-03
6.91745931e+02	1.00029602e-03
7.04147853e+02	8.83624353e-04
7.16772122e+02	7.78827312e-04
7.29622724e+02	6.84907175e-04
7.42703718e+02	6.00926951e-04
7.56019233e+02	5.26008950e-04
7.69573475e+02	4.59333171e-04
7.83370723e+02	4.00135536e-04
7.97415334e+02	3.47705973e-04
8.11711743e+02	3.01386389e-04
8.26264464e+02	2.60568534e-04
8.41078093e+02	2.24691787e-04
8.56157307e+02	1.93240879e-04
8.71506868e+02	1.65743577e-04
8.87131622e+02	1.41768343e-04
9.03036504e+02	1.20921977e-04
9.19226535e+02	1.02847284e-04
9.35706828e+02	8.72207510e-05
9.52482588e+02	7.37502719e-05
9.69559110e+02	6.21729153e-05
9.86941787e+02	5.22527585e-05
1.00463611e+03	4.37787906e-05
1.02264766e+03	3.65628952e-05
1.04098213e+03	3.04379204e-05
1.05964532e+03	2.52558397e-05
1.07864310e+03	2.08860105e-05
1.09798148e+03	1.72135309e-05
1.11766657e+03	1.41376982e-05
1.13770458e+03	1.15705692e-05
1.15810185e+03	9.43562204e-06
1.17886480e+03	7.66651825e-06
1.20000000e+03	6.20596271e-06
