9.999999999999999547e-07 3.098317234296540270e-08
1.084145868935834899e-06 -1.213108646157162993e-07
1.175372265130636707e-06 -9.018603245114056854e-08
1.274274985703134774e-06 2.521714414094295351e-08
1.381499961638323811e-06 -1.971513245830225784e-08
1.497747476345200155e-06 -1.157932038943253429e-07
1.623776739188720875e-06 -8.188169816809102282e-08
1.760410843865552647e-06 -3.171356061868589508e-08
1.908542144006686065e-06 3.260468726308151417e-08
2.069138081114790102e-06 4.736797227694072625e-08
2.243247502898420442e-06 4.780472525309562701e-08
2.432007513267949776e-06 -5.257962280918765771e-08
2.636650898730355499e-06 -1.704566307228428105e-09
2.858514179684471347e-06 4.071293796507585429e-08
3.099046339199426662e-06 -7.625550393825166087e-08
3.359818286283781079e-06 -7.537159051978950044e-08
3.642533115449637928e-06 2.545117922790092608e-08
3.949037229576701598e-06 -1.201318493828794309e-09
4.281332398719396080e-06 1.564173954799509335e-09
4.641588833612781958e-06 -1.222407264870520754e-08
5.032159359259998809e-06 1.202071936393695896e-08
5.455594781168514170e-06 1.616156993813243359e-08
5.914660544591746017e-06 -1.734695554998951927e-08
6.412354795576916926e-06 -3.598671645505281922e-08
6.951927961775605607e-06 6.349140748439382005e-08
7.536903980898542115e-06 -9.159954877401406127e-10
8.171103315457202822e-06 -1.146055525223325748e-08
8.858667904100831677e-06 -6.330816641706236603e-10
9.604088212505369602e-06 -3.750758386191919745e-08
1.041223256048306413e-05 -1.117823195908349817e-08
1.128837891684688340e-05 3.466721579319925317e-08
1.223824936968192402e-05 -4.457250489129997322e-08
1.326804749714724449e-05 7.301591718492860403e-09
1.438449888287662918e-05 -1.820775925733872341e-08
1.559489504058283085e-05 3.286012784847319630e-08
1.690714103473578265e-05 8.756402791373745471e-09
1.832980710832437485e-05 -4.989431379388519710e-09
1.987218465488053363e-05 -4.920717793158498573e-08
2.154434690031882321e-05 6.635312552069247619e-08
2.335721469090121287e-05 5.823311885153221483e-08
2.532262781698794760e-05 1.487172717009023910e-08
2.745342233838714228e-05 -5.524824715464331021e-08
2.976351441631319247e-05 3.242582258970530881e-08
3.226799119945811777e-05 1.864238228894432766e-08
3.498320935775032706e-05 -1.011617454488317781e-07
3.792690190732253704e-05 2.649206578155838317e-08
4.111829402435828834e-05 1.192129203696799871e-08
4.457822860419706766e-05 4.774129693925761549e-08
4.832930238571752371e-05 -9.352003859032702474e-08
5.239601353002644186e-05 -1.632943014278153309e-08
5.680492161728428594e-05 -8.473709772206439042e-09
6.158482110660255002e-05 1.103901862508591364e-09
6.676692939187570564e-05 -3.352417343817739817e-08
7.238509068173247388e-05 1.860277857420765745e-09
7.847599703514606404e-05 6.634164190431807081e-08
8.507942799627443795e-05 3.298354489270730599e-08
9.223851039358475713e-05 -9.048972079512722988e-09
1.000000000000000048e-04 5.859798132551939078e-08
1.084145868935835051e-04 2.144150280861271507e-08
1.175372265130635512e-04 1.249216694274906849e-08
1.274274985703133418e-04 2.260261132723681837e-08
1.381499961638322312e-04 -1.527814700317200614e-08
1.497747476345200003e-04 -4.445253215721522186e-08
1.623776739188721036e-04 5.559879460675206140e-08
1.760410843865552427e-04 1.327010616906600255e-08
1.908542144006685913e-04 -3.939827956517167572e-08
2.069138081114790220e-04 4.982965064619507390e-08
2.243247502898418138e-04 -1.548531813250534580e-08
2.432007513267947540e-04 3.187481170230118378e-08
2.636650898730358294e-04 2.332102943357606206e-08
2.858514179684471228e-04 4.613988635885692150e-08
3.099046339199426950e-04 6.301536878331935095e-08
3.359818286283781062e-04 -3.880430559070733990e-08
3.642533115449638013e-04 -3.753260179366423800e-08
3.949037229576701801e-04 9.354372263942933206e-08
4.281332398719391269e-04 -4.285130398180967165e-08
4.641588833612777317e-04 2.885610515757849316e-08
5.032159359259993523e-04 7.088656160372757755e-08
5.455594781168514882e-04 -4.727849687964773998e-08
5.914660544591746017e-04 7.356787924403735073e-08
6.412354795576917163e-04 -7.348430328637720601e-08
6.951927961775604793e-04 4.079224144280852546e-09
7.536903980898541607e-04 -5.234954276023758223e-08
8.171103315457194961e-04 -5.326566943703126052e-08
8.858667904100823477e-04 -5.500386390913868018e-09
9.604088212505378953e-04 4.293415693214537472e-08
1.041223256048304279e-03 6.989829008740730324e-08
1.128837891684688266e-03 6.387887079719578258e-08
1.223824936968192362e-03 6.271072653251323926e-08
1.326804749714724334e-03 -1.010189987626014762e-07
1.438449888287662891e-03 -1.980860571524095817e-10
1.559489504058281500e-03 1.922780737427691634e-08
1.690714103473580027e-03 -1.950265067261874230e-08
1.832980710832435561e-03 -9.019512574252914380e-08
1.987218465488053282e-03 4.233112968522042021e-08
2.154434690031882104e-03 8.441099538929767830e-09
2.335721469090121152e-03 2.770529709964569473e-08
2.532262781698794638e-03 1.051915445145824682e-08
2.745342233838714459e-03 -3.692877437441419876e-08
2.976351441631316062e-03 5.992710278732074484e-09
3.226799119945808307e-03 3.930337840714905020e-08
3.498320935775036094e-03 -3.719378247616206481e-08
3.792690190732246006e-03 -6.023328513311825105e-08
4.111829402435828590e-03 1.936648060651993074e-08
4.457822860419706143e-03 7.580324448163684922e-08
4.832930238571751802e-03 1.897407664510138395e-08
5.239601353002644457e-03 4.137557967911407938e-08
5.680492161728422848e-03 2.414651945057972881e-08
6.158482110660260314e-03 2.140785441625611613e-08
6.676692939187563354e-03 3.425884476862819778e-09
7.238509068173248039e-03 1.740998611007964138e-08
7.847599703514606187e-03 1.837703648734704477e-08
8.507942799627445096e-03 -1.675854322272910933e-09
9.223851039358476472e-03 6.946481675020185586e-09
1.000000000000000021e-02 3.746465292743961430e-08
1.084145868935834991e-02 6.699209845206199357e-08
1.175372265130636765e-02 -1.338720479745024898e-08
1.274274985703132204e-02 5.327001404602750339e-08
1.381499961638320978e-02 2.834015872650395237e-08
1.497747476345200057e-02 8.750694504296569630e-08
1.623776739188721036e-02 8.981485880715751961e-09
1.760410843865552535e-02 -9.682544746027322222e-09
1.908542144006685967e-02 -5.408692005485707057e-08
2.069138081114790112e-02 -8.284411687597364881e-08
2.243247502898415915e-02 9.335374959466020134e-08
2.432007513267945079e-02 -5.416143734072123450e-08
2.636650898730355519e-02 -2.857756321404947999e-08
2.858514179684471315e-02 -5.986134372213388530e-08
3.099046339199426972e-02 -2.946946208897694230e-08
3.359818286283781236e-02 -5.890478672980377429e-09
3.642533115449637926e-02 -4.520280301768014311e-08
3.949037229576701780e-02 -2.187074284467590494e-07
4.281332398719395887e-02 -1.426990779291159491e-06
4.641588833612772524e-02 -7.031434241864694581e-06
5.032159359259988363e-02 -2.807155825834289998e-05
5.455594781168514318e-02 -9.489960888086239668e-05
5.914660544591745367e-02 -2.719275956730923816e-04
6.412354795576917510e-02 -6.606161989327774152e-04
6.951927961775605791e-02 -1.356916787130349293e-03
7.536903980898541910e-02 -2.334167121799780170e-03
8.171103315457187155e-02 -3.292171704000818565e-03
8.858667904100814283e-02 -3.624307258003203660e-03
9.604088212505368372e-02 -2.696650252823827934e-03
1.041223256048304374e-01 -4.267520731750854804e-04
1.128837891684688344e-01 2.254283443231444757e-03
1.223824936968192362e-01 3.673520251369803442e-03
1.326804749714724507e-01 2.592602108970697324e-03
1.438449888287662848e-01 -5.040390687210497553e-04
1.559489504058283182e-01 -3.329146872386970664e-03
1.690714103473578422e-01 -3.463484277907730429e-03
1.832980710832433635e-01 -5.853115743568738363e-04
1.987218465488053420e-01 2.893156189900589637e-03
2.154434690031882260e-01 3.785923779200625096e-03
2.335721469090121238e-01 1.146934288707873641e-03
2.532262781698794707e-01 -2.605326091991550051e-03
2.745342233838714563e-01 -3.852648566461648605e-03
2.976351441631313044e-01 -1.340682734695206524e-03
3.226799119945805150e-01 2.449640222165484250e-03
3.498320935775032225e-01 3.722825978973681119e-03
3.792690190732245781e-01 1.248046144852386864e-03
4.111829402435828729e-01 -2.355717321227718698e-03
4.457822860419706212e-01 -3.380557831551813264e-03
4.832930238571752080e-01 -9.322247701097958637e-04
5.239601353002644180e-01 2.235452099734281349e-03
5.680492161728428746e-01 2.816409344909465758e-03
6.158482110660254971e-01 4.875222709851910995e-04
6.676692939187556242e-01 -2.002024188263581625e-03
7.238509068173247796e-01 -2.071211981201493205e-03
7.847599703514607228e-01 -4.293721834546945050e-05
8.507942799627444819e-01 1.603335004959081976e-03
9.223851039358476056e-01 1.243732705131593954e-03
1.000000000000000000e+00 -2.749313200727574293e-04
1.084145868935832757e+00 -1.045996350914673179e-03
1.175372265130634197e+00 -4.617921322692187299e-04
1.274274985703132135e+00 3.808598439296789545e-04
1.381499961638321006e+00 3.866042684669761080e-04
1.497747476345200113e+00 -1.585311854082123873e-04
1.623776739188721008e+00 -2.423815603225059592e-04
1.760410843865552577e+00 2.992196617160303683e-04
1.908542144006686092e+00 5.389964203839879564e-04
2.069138081114790140e+00 -1.319958541818092273e-04
2.243247502898415568e+00 -9.442013016309096837e-04
2.432007513267945065e+00 -6.441300843607745789e-04
2.636650898730355408e+00 7.088140389001516481e-04
2.858514179684471301e+00 1.498990540567513019e-03
3.099046339199426736e+00 4.765540352715024798e-04
3.359818286283780875e+00 -1.438854844789163364e-03
3.642533115449637648e+00 -1.935806401064573464e-03
3.949037229576693786e+00 -6.937223177241428902e-05
4.281332398719387200e+00 2.269979690619053792e-03
4.641588833612772191e+00 2.250920241683660502e-03
5.032159359259988030e+00 -5.294193862941561080e-04
5.455594781168514373e+00 -3.165333465791084298e-03
5.914660544591745506e+00 -2.462222904493243780e-03
6.412354795576916899e+00 1.279577249409549278e-03
6.951927961775605347e+00 4.121651374799124509e-03
7.536903980898541633e+00 2.601123310399217070e-03
8.171103315457186156e+00 -2.174416868054029027e-03
8.858667904100814283e+00 -5.179885053229214831e-03
9.604088212505368816e+00 -2.699822817322041369e-03
1.041223256048304435e+01 3.252677340491229221e-03
1.128837891684688266e+01 6.424100508176504645e-03
1.223824936968192389e+01 2.792553368117396944e-03
1.326804749714724352e+01 -4.585474822743824432e-03
1.438449888287660094e+01 -7.980363598172012657e-03
1.559489504058280041e+01 -2.945945180594608005e-03
1.690714103473578334e+01 6.243873293688746544e-03
1.832980710832433857e+01 1.003257583354315828e-02
1.987218465488053454e+01 3.325752235227047438e-03
2.154434690031882127e+01 -8.253326125521400630e-03
2.335721469090121261e+01 -1.287161079437232174e-02
2.532262781698794640e+01 -4.318684939245937687e-03
2.745342233838714208e+01 1.051823827770137672e-02
2.976351441631313222e+01 1.698191248639539103e-02
3.226799119945805217e+01 6.768721330335718094e-03
3.498320935775032581e+01 -1.262289367595560360e-02
3.792690190732245981e+01 -2.314431509191135217e-02
4.111829402435828484e+01 -1.248015236581881404e-02
4.457822860419706501e+01 1.323489171855224585e-02
4.832930238571751858e+01 3.244070006959010044e-02
5.239601353002633743e+01 2.541577619973041380e-02
5.680492161728417244e+01 -8.180529574036983498e-03
6.158482110660254705e+01 -4.583806954162294306e-02
6.676692939187556419e+01 -5.583186819864927736e-02
7.238509068173247840e+01 -1.800378990659393802e-02
7.847599703514606517e+01 6.272688954078212142e-02
8.507942799627444685e+01 1.583372331812558376e-01
9.223851039358476100e+01 2.325629628108454305e-01
1.000000000000000000e+02 2.587170627781702481e-01
1.084145868935832766e+02 2.305998799872287230e-01
1.175372265130636720e+02 1.623157960410258338e-01
1.274274985703132188e+02 7.937093109759704723e-02
1.381499961638323839e+02 7.024303341210958763e-03
1.497747476345199971e+02 -3.849715580611083598e-02
1.623776739188717499e+02 -5.317454934073920919e-02
1.760410843865552692e+02 -4.318003626097505904e-02
1.908542144006682122e+02 -2.000294822126736163e-02
2.069138081114789998e+02 4.651062777753386078e-03
2.243247502898415746e+02 2.239535967829483359e-02
2.432007513267950003e+02 2.952211313143032756e-02
2.636650898730355266e+02 2.652928436613014723e-02
2.858514179684465830e+02 1.661368101807868952e-02
3.099046339199426825e+02 3.942388715937804496e-03
3.359818286283774000e+02 -7.736550586451682379e-03
3.642533115449637648e+02 -1.589471679921920094e-02
3.949037229576693449e+02 -1.945089868530731556e-02
4.281332398719395655e+02 -1.857921572966714924e-02
4.641588833612772760e+02 -1.430077879097527843e-02
5.032159359259977691e+02 -8.031644972727120316e-03
5.455594781168514373e+02 -1.199250958848150847e-03
5.914660544591733924e+02 5.015138674540849106e-03
6.412354795576917468e+02 9.805843025846588609e-03
6.951927961775591029e+02 1.276465962710256197e-02
7.536903980898541704e+02 1.383003401984103653e-02
8.171103315457186227e+02 1.319959901816705229e-02
8.858667904100832402e+02 1.123109989666840752e-02
9.604088212505369029e+02 8.354154497433012236e-03
1.041223256048302119e+03 4.998320359354926565e-03
1.128837891684688429e+03 1.545560293324342756e-03
1.223824936968189832e+03 -1.697593466770986291e-03
1.326804749714724494e+03 -4.510837968585373545e-03
1.438449888287660087e+03 -6.757833873921888397e-03
1.559489504058283046e+03 -8.375746500057271518e-03
1.690714103473578234e+03 -9.361654972188824739e-03
1.832980710832437580e+03 -9.756954858605284067e-03
1.987218465488053425e+03 -9.632578633564124054e-03
2.154434690031877835e+03 -9.076007088567934755e-03
2.335721469090121445e+03 -8.181437234908614867e-03
2.532262781698789240e+03 -7.041543224326503488e-03
2.745342233838714492e+03 -5.742112641189626304e-03
2.976351441631313264e+03 -4.358989733140627813e-03
3.226799119945811526e+03 -2.956038444328844793e-03
3.498320935775032467e+03 -1.584801436931797215e-03
3.792690190732238079e+03 -2.853632263642688128e-04
4.111829402435828342e+03 9.139860648712645969e-04
4.457822860419697463e+03 1.993648855618153793e-03
4.832930238571751943e+03 2.942545901078290078e-03
5.239601353002633914e+03 3.756342906927917502e-03
5.680492161728428982e+03 4.435653176335496890e-03
6.158482110660254875e+03 4.984958445816559287e-03
6.676692939187542834e+03 5.412201639387090313e-03
7.238509068173247215e+03 5.726620725022469986e-03
7.847599703514591056e+03 5.938624499193876326e-03
8.507942799627444401e+03 6.059770108515826446e-03
9.223851039358458365e+03 6.100971766397240113e-03
1.000000000000000000e+04 6.073328064664296720e-03
1.084145868935832732e+04 5.987339560877964241e-03
1.175372265130636697e+04 5.852279917443121635e-03
1.274274985703132188e+04 5.677483413038395682e-03
1.381499961638318018e+04 5.470805048396651729e-03
1.497747476345200084e+04 5.239299557776430291e-03
1.623776739188717693e+04 4.989563205210484700e-03
1.760410843865552670e+04 4.726822087715088980e-03
1.908542144006682065e+04 4.455897164563384950e-03
2.069138081114790111e+04 4.180833352288819763e-03
2.243247502898415769e+04 3.904973987710789411e-03
2.432007513267949980e+04 3.631017997170434605e-03
2.636650898730355402e+04 3.361554096098874622e-03
2.858514179684465489e+04 3.098018158264624188e-03
3.099046339199426802e+04 2.842069024548790970e-03
3.359818286283774069e+04 2.594873729968634295e-03
3.642533115449637990e+04 2.357183218547104567e-03
3.949037229576693790e+04 2.129513730096537459e-03
4.281332398719395860e+04 1.912282334217182316e-03
4.641588833612772578e+04 1.705621520714434942e-03
5.032159359259977646e+04 1.509665511291495782e-03
5.455594781168514601e+04 1.324177857837500853e-03
5.914660544591733196e+04 1.149109078431111803e-03
6.412354795576917240e+04 9.843082942380748050e-04
6.951927961775590666e+04 8.291839592775005797e-04
7.536903980898541340e+04 6.835606695420584546e-04
8.171103315457186545e+04 5.471130168413804000e-04
8.858667904100795568e+04 4.195137436067995014e-04
9.604088212505368574e+04 2.999634029429956890e-04
1.041223256048302283e+05 1.885005410368539370e-04
1.128837891684688366e+05 8.452964200053781794e-05
1.223824936968189868e+05 -1.248063072746956517e-05
1.326804749714724312e+05 -1.026921495020824789e-04
1.438449888287660142e+05 -1.867171901443537209e-04
1.559489504058283055e+05 -2.648632144217015331e-04
1.690714103473578289e+05 -3.373983730238686680e-04
1.832980710832430050e+05 -4.048627535257235083e-04
1.987218465488053334e+05 -4.674445136130081003e-04
2.154434690031877835e+05 -5.253665621250145972e-04
2.335721469090121391e+05 -5.791798809662243195e-04
2.532262781698789331e+05 -6.291008983908266336e-04
2.745342233838714310e+05 -6.752702502684388439e-04
2.976351441631313064e+05 -7.181103055387975985e-04
3.226799119945811690e+05 -7.577060389625686577e-04
3.498320935775032267e+05 -7.943282113409498016e-04
3.792690190732238116e+05 -8.283947520227525393e-04
4.111829402435828815e+05 -8.596804999893093227e-04
4.457822860419697245e+05 -8.888245754251155152e-04
4.832930238571751979e+05 -9.156432013340464957e-04
5.239601353002633550e+05 -9.404870434156243362e-04
5.680492161728428910e+05 -9.634793323800292571e-04
6.158482110660254257e+05 -9.846184536973921937e-04
6.676692939187543234e+05 -1.004279977885168523e-03
7.238509068173248088e+05 -1.022330591836533237e-03
7.847599703514591092e+05 -1.039102742379686235e-03
8.507942799627444474e+05 -1.054526956370834814e-03
9.223851039358457783e+05 -1.068877350156141257e-03
1.000000000000000000e+06 -1.081999407852402830e-03
1.084145868935832754e+06 -1.094186926270336070e-03
1.175372265130631858e+06 -1.105407888748957332e-03
1.274274985703132115e+06 -1.115826290126325842e-03
1.381499961638318142e+06 -1.125379119144504945e-03
1.497747476345200092e+06 -1.134205870316727649e-03
1.623776739188717678e+06 -1.142318026790356197e-03
1.760410843865552451e+06 -1.149906993092164077e-03
1.908542144006682094e+06 -1.156842057885282011e-03
2.069138081114790170e+06 -1.163298340804884857e-03
2.243247502898415551e+06 -1.169199093442040019e-03
2.432007513267939910e+06 -1.174731006552064919e-03
2.636650898730355315e+06 -1.179717323847090469e-03
2.858514179684465751e+06 -1.184310191237467752e-03
3.099046339199427050e+06 -1.188608624686140558e-03
3.359818286283774301e+06 -1.192533581226654874e-03
3.642533115449637640e+06 -1.196259955847692744e-03
3.949037229576693848e+06 -1.199672919132052521e-03
4.281332398719395511e+06 -1.202746939414687730e-03
4.641588833612772636e+06 -1.205617804610073854e-03
5.032159359259977937e+06 -1.208295341271714519e-03
5.455594781168514863e+06 -1.210768275575699283e-03
5.914660544591733254e+06 -1.212940590038688940e-03
6.412354795576917008e+06 -1.214995854679099376e-03
6.951927961775590666e+06 -1.217042005345239652e-03
7.536903980898541398e+06 -1.218702812287433173e-03
8.171103315457186662e+06 -1.220369867314056523e-03
8.858667904100796208e+06 -1.221857310389035675e-03
9.604088212505368516e+06 -1.223307873164457922e-03
1.041223256048302166e+07 -1.224538437180729394e-03
1.128837891684688255e+07 -1.225775802677400370e-03
1.223824936968189850e+07 -1.226860347663575202e-03
1.326804749714724347e+07 -1.227850370104432943e-03
1.438449888287660107e+07 -1.228811100808840451e-03
1.559489504058276862e+07 -1.229741175268555002e-03
1.690714103473578393e+07 -1.230436433495547301e-03
1.832980710832430050e+07 -1.231161366021525086e-03
1.987218465488053486e+07 -1.231840332561823887e-03
2.154434690031877905e+07 -1.232447687107896418e-03
2.335721469090121239e+07 -1.233077025467355830e-03
2.532262781698789448e+07 -1.233583424756397925e-03
2.745342233838714287e+07 -1.234006426493645470e-03
2.976351441631313041e+07 -1.234397896863915524e-03
3.226799119945798442e+07 -1.234865150176522831e-03
3.498320935775032640e+07 -1.235256089187634606e-03
3.792690190732238442e+07 -1.235605264487144072e-03
4.111829402435828745e+07 -1.235922983172253872e-03
4.457822860419697315e+07 -1.236248622319212126e-03
4.832930238571751863e+07 -1.236579880720526693e-03
5.239601353002633899e+07 -1.236776849082056812e-03
5.680492161728429049e+07 -1.236983232335957207e-03
6.158482110660254210e+07 -1.237236329116303069e-03
6.676692939187543094e+07 -1.237411649555577404e-03
7.238509068173247576e+07 -1.237637619066933765e-03
7.847599703514590859e+07 -1.237706488438200352e-03
8.507942799627444148e+07 -1.237965667221223960e-03
9.223851039358457923e+07 -1.238008313434077814e-03
1.000000000000000000e+08 -1.238198801197899074e-03
